19389438
49809390
98430894
84312099
89409320
93810383
90438120
90438249
94021048
40929483
94382309
08943192
03482099
90309209
04318349
94282901
93948294
92882039
93849284
93849293
9384018419389438
49809390
98430894
84312099
89409320
93810383
90438120
90438249
94021048
40929483
94382309
08943192
03482099
90309209
04318349
94282901
93948294
92882039
93849284
93849293
9384018419389438
49809390
98430894
84312099
89409320
93810383
90438120
90438249
94021048
40929483
94382309
08943192
03482099
90309209
04318349
94282901
93948294
92882039
93849284
93849293
9384018419389438
49809390
98430894
84312099
89409320
93810383
90438120
90438249
94021048
40929483
94382309
08943192
03482099
90309209
04318349
94282901
93948294
92882039
93849284
93849293
9384018419389438
49809390
98430894
84312099
89409320
93810383
90438120
90438249
94021048
40929483
94382309
08943192
03482099
90309209
04318349
94282901
93948294
92882039
93849284
93849293
9384018419389438
49809390
98430894
84312099
89409320
93810383
90438120
90438249
94021048
40929483
94382309
08943192
03482099
90309209
04318349
94282901
93948294
92882039
93849284
93849293
9384018419389438
49809390
98430894
84312099
89409320
93810383
90438120
90438249
94021048
40929483
94382309
08943192
03482099
90309209
04318349
94282901
93948294
92882039
93849284
93849293
9384018419389438
49809390
98430894
84312099
89409320
93810383
90438120
90438249
94021048
40929483
94382309
08943192
03482099
90309209
04318349
94282901
93948294
92882039
93849284
93849293
9384018419389438
49809390
98430894
84312099
89409320
93810383
90438120
90438249
94021048
40929483
94382309
08943192
03482099
90309209
04318349
94282901
93948294
92882039
93849284
93849293
9384018419389438
49809390
98430894
84312099
89409320
93810383
90438120
90438249
94021048
40929483
94382309
08943192
03482099
90309209
04318349
94282901
93948294
92882039
93849284
93849293
9384018419389438
49809390
98430894
84312099
89409320
93810383
90438120
90438249
94021048
40929483
94382309
08943192
03482099
90309209
04318349
94282901
93948294
92882039
93849284
93849293
9384018419389438
49809390
98430894
84312099
89409320
93810383
90438120
90438249
94021048
40929483
94382309
08943192
03482099
90309209
04318349
94282901
93948294
92882039
93849284
93849293
9384018419389438
49809390
98430894
84312099
89409320
93810383
90438120
90438249
94021048
40929483
94382309
08943192
03482099
90309209
04318349
94282901
93948294
92882039
93849284
93849293
9384018419389438
49809390
98430894
84312099
89409320
93810383
90438120
90438249
94021048
40929483
94382309
08943192
03482099
90309209
04318349
94282901
93948294
92882039
93849284
93849293
9384018419389438
49809390
98430894
84312099
89409320
93810383
90438120
90438249
94021048
40929483
94382309
08943192
03482099
90309209
04318349
94282901
93948294
92882039
93849284
93849293
9384018419389438
49809390
98430894
84312099
89409320
93810383
90438120
90438249
94021048
40929483
94382309
08943192
03482099
90309209
04318349
94282901
93948294
92882039
93849284
93849293
9384018419389438
49809390
98430894
84312099
89409320
93810383
90438120
90438249
94021048
40929483
94382309
08943192
03482099
90309209
04318349
94282901
93948294
92882039
93849284
93849293
9384018419389438
49809390
98430894
84312099
89409320
93810383
90438120
90438249
94021048
40929483
94382309
08943192
03482099
90309209
04318349
94282901
93948294
92882039
93849284
93849293
9384018419389438
49809390
98430894
84312099
89409320
93810383
90438120
90438249
94021048
40929483
94382309
08943192
03482099
90309209
04318349
94282901
93948294
92882039
93849284
93849293
93840184
